Matriz 1
9 2 0 3 8 4 7 5 5 7 
8 0 8 2 6 4 1 3 6 2 
3 3 3 3 9 0 0 9 8 0 
0 4 3 5 6 6 8 2 5 4 
1 6 8 3 8 3 0 2 8 6 
9 6 7 2 9 0 4 5 4 0 
3 6 6 0 2 2 4 2 2 7 
3 3 6 1 8 8 0 9 8 4 
0 3 7 9 2 2 6 3 5 7 
0 9 3 0 1 4 3 0 5 2 

Matriz 2
3 4 0 9 3 6 5 3 8 7 
7 7 5 0 7 7 6 3 8 5 
6 0 1 1 3 0 1 0 1 5 
4 1 8 1 9 0 2 3 8 6 
5 3 5 6 5 1 8 5 9 6 
5 9 1 4 7 0 7 2 8 5 
6 5 0 6 9 3 1 3 4 1 
7 7 8 3 4 3 6 8 1 0 
6 6 5 9 8 5 5 4 6 5 
7 2 8 4 4 4 8 0 2 7 

Resultado 2
269 227 199 278 287 165 273 171 293 240 
207 154 128 211 201 104 193 119 221 209 
216 174 199 186 211 115 208 176 213 163 
246 197 172 183 290 105 204 129 249 192 
264 174 209 182 253 126 240 124 246 240 
247 186 158 219 241 152 218 164 269 218 
206 138 130 129 181 118 169 77 156 166 
289 249 221 229 269 130 287 181 263 228 
255 149 211 154 281 103 178 112 208 206 
168 151 98 96 180 106 137 69 162 128 

